0,0,7,9,1,0,0,0,0
0,0,3,2,0,0,0,8,0
0,8,1,6,0,0,0,5,0
0,7,0,0,0,0,0,0,0
9,0,0,3,0,6,0,0,1
0,0,0,0,0,0,0,2,0
0,4,0,0,0,2,9,1,0
0,1,0,0,0,9,5,0,0
0,0,0,0,4,7,2,0,0
U,7,3,8,1
U,6,3,5,2
U,8,3,1,3
U,3,3,4,4
U,5,3,7,5
G,1,4,5,6
U,1,5,4,7
U,1,0,6,8
U,1,1,9,9
U,1,8,7,10
U,1,6,1,11
U,2,5,3,12
U,0,5,8,13
U,2,4,7,14
U,2,6,4,15
U,2,0,2,16
U,0,1,5,17
U,0,0,4,18
U,2,8,9,19
U,4,1,2,20
U,4,4,8,21
U,4,6,7,22
U,4,7,4,23
U,4,2,5,24
U,5,4,9,25
U,3,4,2,26
G,0,6,3,27
U,0,7,6,28
U,0,8,2,29
U,8,7,3,30
U,3,7,9,31
U,7,7,7,32
U,7,0,3,33
U,7,4,6,34
U,6,4,3,35
U,7,2,2,36
U,7,8,4,37
U,8,1,6,38
U,5,1,3,39
U,6,2,8,40
U,3,2,6,41
U,3,6,8,42
U,3,0,1,43
U,3,5,5,44
U,3,8,3,45
U,5,0,8,46
U,5,2,4,47
U,5,5,1,48
U,5,6,6,49
U,5,8,5,50
U,6,0,7,51
U,6,8,6,52
U,8,0,5,53
U,8,2,9,54
U,8,8,8,55
4,5,7,9,1,8,3,6,2
6,9,3,2,5,4,1,8,7
2,8,1,6,7,3,4,5,9
1,7,6,4,2,5,8,9,3
9,2,5,3,8,6,7,4,1
8,3,4,7,9,1,6,2,5
7,4,8,5,3,2,9,1,6
3,1,2,8,6,9,5,7,4
5,6,9,1,4,7,2,3,8
