7,6,0,0,0,0,0,8,2
0,0,0,0,5,0,0,0,0
0,0,0,8,0,6,0,0,0
8,0,0,3,0,4,0,0,9
0,0,9,0,7,0,8,0,0
2,0,1,0,0,0,3,0,7
0,0,0,0,0,0,0,0,0
0,0,3,9,0,5,6,0,0
0,9,4,7,0,8,5,2,0
U,0,2,5,1
U,2,2,2,2
U,1,2,8,3
U,5,5,9,4
U,7,0,1,5
U,8,0,6,6
U,6,0,5,7
U,6,2,7,8
U,3,2,6,9
G,0,3,1,10
U,0,5,3,11
G,0,4,9,12
U,0,6,4,13
U,2,4,4,14
U,1,3,2,15
U,1,5,7,16
U,7,4,2,17
U,3,4,1,18
U,3,6,2,19
U,3,7,5,20
U,3,1,7,21
U,4,5,2,22
U,6,5,1,23
U,6,6,9,24
U,1,6,1,25
U,2,6,7,26
U,7,1,8,27
U,6,1,2,28
U,7,8,4,29
U,6,7,3,30
U,2,7,9,31
U,1,7,6,32
U,1,8,3,33
U,1,1,4,34
U,1,0,9,35
U,2,0,3,36
U,2,1,1,37
U,2,8,5,38
U,4,0,4,39
U,4,7,1,40
U,4,8,6,41
U,4,3,5,42
U,4,1,3,43
U,5,1,5,44
U,5,3,6,45
U,5,4,8,46
U,5,7,4,47
U,6,3,4,48
U,6,4,6,49
U,6,8,8,50
U,7,7,7,51
U,8,4,3,52
U,8,8,1,53
7,6,5,1,9,3,4,8,2
9,4,8,2,5,7,1,6,3
3,1,2,8,4,6,7,9,5
8,7,6,3,1,4,2,5,9
4,3,9,5,7,2,8,1,6
2,5,1,6,8,9,3,4,7
5,2,7,4,6,1,9,3,8
1,8,3,9,2,5,6,7,4
6,9,4,7,3,8,5,2,1
